[ 84   1 120  65  19  43  98  51   3 105 112  94  34  44 129  73  95  88
  80  96  91  85  58  89  99  71  42  18  22 125 126  70  82 100  93   6
   0  66 103  97  32  77  63  92  86  25  87  75  48 127  53 130  30 111
 102 115  12  24  74  33  16 113  78  28   8   4  72  36  27  76  40  26
  59 116 108  64  81  31  50 123 114  23  37  17  67  39  56 122 106  45
  61 131 128  29  62  54  20 117  21  83  60 124 107  90   5 118 132  68
 121  69  46  52   7  38 101 109  11  13  14 119  49  35 104   2  79 110
   9  47  41  57  55  15  10]
[ 53 128  31  72  28  20  61  65  21  98  94  46  59  13 120   3  99  41
 115  24   8  14  86  88  96 131  37 111  66  95  93  67   5  80  11 108
 105  38  51 132  68  89  23 104  26  33 123  73 125  43  83   2  56  49
 118  76  34 112 106 113  16 130  69 116   0  78  47  22  92 122  85 114
  35  45  63  36  58  71  18  91  44   4  62  60  74   6 102   7  17  48
  87 107  52  15   9  70  55 109 126  79  25  64  29  54  97  42  40  57
  32 127 100  12  19  77  75 110 129  27 119  81   1 101  50 121  84  30
 117 103  10  82 124  90  39]
[ 49  34 132  83  18  76  69   7 128  51  94  38 103  66  58  36 125 114
   8  85 117 122   2 106  27  42  52  78 109  88  47  40  41  37  20 124
 121  57 112 127  22  99  15 129  71  43  17  68  98  23   3  95   9  28
  59  14  84  12 118  11 131 126   6 102  45  97  56  87  53  77  70  80
  82 105  90  55  73  10  26 108   0 119 115 104  79 116  24 110  13  72
  21  64  63  96  46  25  92  93  54  31 123  30 100 120 113  60 130   1
 111  91  81   5  89  61  29  86   4  75  16  65  32  33  67  50  48  19
  35 101  39  44  62 107  74]
[126  38 103  12  85  71  68  14  32  87   2  40  43  78  95 119  24  52
  45 102  21  92 130 101 120  79  48  63  53  98  29   6 112  62  75  97
  49  33  44   1 105  16  57 107  30 109  41 128  10  58 108   4  88 116
 118  89 124 111  54  61  28  25  70   5  19 104  15 123 106  76   3   7
  64 114  96  91 127  31 121 122  66 110  13  47  82  20  26  39  50  46
  84   0  27  60  73 117  99  86  59   8  36 131  69  77  72  11 129  35
  56   9  55  42  94  67 132  34  65 100  17  90  93  51 125 113  23  18
  80 115  83  74  22  81  37]
[ 34  96  14  67  13 114  31  29 102  26  78  17  74 107  83  70  87   0
   1 115  38  53 106 101  98  22 100  72 109  97  84 103  41  81  51  57
 112  80  48  36  39 113 125  61  54  85   3  91  11  58   6 116 127  42
  94  62  35  44  33  46   7 122 108  79  37  19   8  27  93  77  24  49
 123  47  86  63  20 124  90  60  50  32  28  30  25  56   5 121  92  12
  55 120 117  99 105 104 128   2  64 130 129  69  10  40 111  95 132  59
  15  89 118  23 126 131  18  52  75  66  68   9  73  43   4  88  16  71
  82 110  65  45 119  76  21]
